0000000000000000000000000000
0999999009999009999009999990
0900009009009009009009000090
0900009009009009009009000090
0999999999009009009999999990
0900000009009999009000000090
0900000009009009009000000090
0999999009009009009009999990
0900009009999009999009000090
0900009009000000009009000090
0999009009000000009009009990
0909009999999999999999009090
0909009009090880909009009090
0909999009090220909009999090
0909000009090220909000009090
0909000009090000909000009090
0909999999999999999999999090
0909009000009009000009009090
0909009000009009000009009090
0999009999999009999999009990
0900009000000000000009000090
0900009000000000000009000090
0999009999999999999999009990
0009009009000000009009009000
0009009009000000009009009000
0999999009999009999009999990
0900009009009009009009000090
0900009009009009009009000090
0999999009999999999009999990
0000000000000000000000000000