0000000000000000000000000000
0999999999999999999999999990
0900900009000000009000090090
0900900009000000009000090090
0900900009000000009000090090
0900999999999999999999990090
0900009009000000009009000090
0900009009000000009009000090
0900999009999009999009990090
0900900000009009000000090090
0900900000009009000000090090
0999999009999999999009999990
0900009009000880009009000090
0900009009000220009009000090
0999009999000220009999009990
0009009009000000009009009000
0009009009000000009009009000
0999999009999999999009999990
0900009009000000009009000090
0900009009000000009009000090
0999009999999009999999009990
0009009000009009000009009000
0009009000009009000009009000
0999999009999999999009999999
0009009009000000009009009000
0009009009000000009009009000
0999009009999009999009009990
0900009009009009009009000090
0999999999009999009999999990
0000000000000000000000000000
