0000000000000000000000000000
0999999009999999999009999990
0900009009000000009009000090
0900009009000000009009000090
0999009999009999009999009990
0009009009009009009009009000
0009009009009009009009009000
0009009009009009009009009000
0009999009999009999009999000
0009000009000000009000009000
0009000009000000009000009000
0009999009999999999009999000
0009009009000880009009009000
0009009009000220009009009000
0999009999000220009999009990
0900009009000000009009000090
0900009009000000009009000090
0999999009999999999009999990
0009000009000000009000009000
0009000009000000009000009000
0999999999999009999999999990
0900000000009009000000000090
0900000000009009000000000090
0999999900999999990099999990
0000900900900000090090090000
0000900900900000090090090000
0999900999999999999990099990
0900000900009009000090000090
0999999999999009999999999990
0000000000000000000000000000
