0000000000000000000000000000
0999999999999009999999999990
0900900000009009000000090090
0900900000009009000000090090
0900999009999009999009990090
0900009009000000009009000090
0900009009000000009009000090
0900999999999999999999990090
0900900009000000009000090090
0900900009000000009000090090
0900900009000000009000090090
0999999999999999999999999990
0000009009000880009009000000
0999999009000220009009999990
0900900009000220009000090090
0900900009000000009000090090
0900999999999999999999990090
0900009009000000009009000090
0900009009000000009009000090
0900999009999009999009990090
0900900000009009000000090090
0900900000009009000000090090
0999999999999999999999999990
0000009009000000009009000000
0000009009000000009009000000
0999999009999009999009999990
0900000000009009000000000090
0900000000009009000000000090
0999999999999999999999999990
0000000000000000000000000000