0000000000000000000000000000
0999999999999999999999999990
0900009009000000009009000090
0900009009000000009009000090
0900009009009999009009000090
0999999009009009009009999990
0900900009009009009000090090
0900900009009009009000090090
0900999999999009999999990090
0900009009000000009009000090
0900009009000000009009000090
0999999009999999999009999990
0900900009000880009000090090
0900900009000220009000090090
0900999999000220009999990090
0900009009000000009009000090
0900999009999999999009990090
0900900009009009009000090090
0900900009009009009000090090
0999999999009009009999999990
0000900000009009000000090000
0000900000009009000000090000
0999999999999999999999999990
0900900009000000009000090090
0900900009000000009000090090
0900999009999009999009990090
0900009009009009009009000090
0900009009009009009009000090
0999999999009999009999999990
0000000000000000000000000000